Class           Mean Diff Abs        Var Diff Abs         Mean Diff %          Var Diff %          
-----------------------------------------------------------------------------------------------
0               0.00471              -0.00477             1.74                 -0.09               
1               -0.00231             -0.00144             -0.34                -0.03               
2               -0.00141             0.01151              0.11                 0.22                
3               0.00037              -0.00889             0.75                 -0.18               
4               0.00557              0.02238              -0.21                0.57                
5               -0.00094             -0.00942             0.24                 -0.23               
6               0.01161              0.03419              1.89                 0.89                
7               -0.00898             -0.00644             -1.33                -0.15               
Total           -0.00545             0.00195              -0.59                0.04                
